1033 1199
20 167
90 323
218 699
154 252
233 842
96 100
170 269
3 12
297 1030
343 603
366 952
153 328
812 814
151 394
36 517
91 292
142 1030
384 739
339 503
327 386
258 540
309 503
47 143
58 126
372 854
407 728
731 996
944 990
141 386
292 565
95 186
890 976
168 863
52 694
8 30
412 459
90 348
306 586
166 258
48 870
374 406
8 241
785 1010
189 961
62 365
85 655
497 740
253 549
57 62
160 717
66 71
169 477
302 920
154 724
88 131
480 647
279 516
27 721
131 294
501 854
412 531
370 599
177 889
111 623
70 139
264 433
45 691
377 444
36 329
288 538
18 87
334 387
497 856
19 61
407 538
208 773
50 174
74 89
111 269
548 979
797 835
23 433
520 678
51 460
132 403
18 856
293 541
552 907
98 99
853 903
117 666
31 63
149 188
48 259
240 254
568 680
375 398
747 971
71 347
421 864
134 179
6 21
100 287
833 898
469 679
407 838
118 192
98 966
439 868
139 227
591 637
467 568
222 376
251 893
198 294
248 863
322 376
83 582
520 1020
773 865
13 604
416 792
207 353
35 141
545 731
157 274
57 664
85 152
102 130
36 120
216 733
672 712
5 42
47 555
406 523
8 84
133 871
194 280
81 990
28 376
372 603
388 413
12 274
639 663
485 999
133 218
68 549
429 590
419 580
6 9
312 313
385 587
667 966
135 340
50 677
977 1000
22 149
150 295
245 334
6 217
8 98
251 389
51 754
229 627
227 481
161 794
13 726
931 943
49 604
654 971
744 782
43 309
612 708
126 743
941 951
310 732
175 784
233 478
155 457
386 621
508 523
248 696
257 544
670 690
57 64
451 602
286 349
254 558
137 296
708 881
3 10
10 45
175 483
10 81
282 411
422 842
145 473
466 540
483 927
849 946
399 641
221 618
348 815
563 828
217 225
323 714
210 647
322 419
187 248
344 427
74 591
328 982
124 131
63 437
281 502
347 830
100 254
77 489
576 980
397 961
191 350
82 830
230 366
542 909
23 105
31 54
494 536
536 541
336 916
823 932
17 109
205 917
441 534
163 213
456 471
10 44
170 173
44 600
736 905
125 968
163 776
107 488
4 1023
301 762
40 364
48 680
571 780
41 43
234 751
487 578
114 212
61 401
248 277
276 921
370 442
345 549
68 235
177 279
330 422
394 946
38 59
25 466
416 972
265 935
30 154
50 269
81 916
422 748
25 28
91 124
1 274
45 469
186 491
444 549
48 146
422 481
709 869
183 859
589 845
38 280
12 23
318 330
16 609
287 306
898 922
295 921
342 493
32 62
147 495
233 255
252 887
555 661
38 40
67 921
21 30
147 241
8 106
136 198
237 432
84 133
689 933
515 906
395 801
155 159
320 360
71 294
140 965
503 752
159 224
399 671
189 622
57 121
526 874
39 225
147 214
269 408
36 802
238 321
10 31
142 222
682 709
148 420
45 254
386 427
95 168
338 547
20 368
28 907
517 802
218 296
1 455
432 519
45 374
88 183
96 103
72 186
174 311
205 235
81 134
301 858
10 117
45 56
274 854
495 508
18 452
390 604
160 289
520 520
116 138
174 883
386 922
699 867
204 456
200 580
46 121
241 281
82 166
64 113
451 690
1 1
166 632
66 830
702 935
308 366
53 834
298 703
650 675
164 313
798 1029
25 78
521 688
220 353
33 86
73 657
173 293
126 699
40 44
378 811
63 202
239 409
741 783
73 116
1 7
105 339
62 104
74 118
35 591
524 854
55 143
95 235
800 950
319 326
120 212
540 755
3 62
217 232
482 634
26 53
522 592
173 641
6 15
569 878
4 11
617 674
253 566
243 588
93 200
67 867
569 832
51 217
9 110
38 96
449 612
625 774
371 780
809 864
625 956
142 184
654 798
254 511
67 123
50 204
196 794
363 551
318 867
64 877
354 1031
46 78
93 329
55 170
241 624
238 686
7 101
484 905
58 84
8 12
11 264
677 954
312 494
6 8
14 21
427 695
138 639
1 19
131 406
186 434
73 188
123 360
143 347
71 395
285 429
22 28
525 863
90 108
202 843
31 42
241 390
255 273
153 291
124 962
744 903
383 510
227 264
86 162
344 491
80 432
458 779
249 395
730 832
716 748
8 8
32 288
11 309
231 391
18 667
3 80
696 922
67 1018
90 424
124 154
4 944
570 616
433 861
45 81
46 903
236 508
701 1009
557 698
15 138
243 276
62 616
372 732
171 335
493 657
443 679
370 455
59 604
452 670
402 439
233 906
336 545
1 2
293 567
126 196
363 571
197 292
438 642
242 658
24 97
82 92
722 907
24 149
143 1008
105 299
579 960
156 537
648 976
345 807
5 21
742 1029
80 257
123 136
307 701
208 233
303 465
284 357
39 262
210 632
53 714
49 465
79 493
151 319
169 323
754 760
882 912
319 326
3 9
234 425
15 646
267 899
495 799
123 232
419 543
162 505
249 578
521 680
333 754
251 289
203 907
125 203
18 162
302 920
24 806
93 272
4 177
473 919
218 600
54 211
23 190
174 756
421 467
606 620
12 184
21 48
246 315
654 842
449 595
413 463
200 247
76 176
62 79
271 790
37 420
462 786
17 73
348 767
196 727
17 119
201 653
53 359
147 232
216 227
541 711
141 1009
28 207
342 347
3 29
154 963
172 920
275 449
95 615
386 924
632 960
382 610
151 416
719 755
456 526
154 257
24 29
110 552
1 200
494 944
155 818
76 492
168 372
24 481
129 939
69 78
78 196
114 228
71 439
276 649
26 322
357 984
41 346
288 401
115 184
224 589
893 1001
47 64
721 804
620 717
123 731
954 965
220 265
94 320
39 109
48 452
133 657
226 597
146 296
778 938
12 92
649 871
185 357
494 823
208 262
9 835
247 692
110 702
68 317
11 18
674 774
480 672
228 263
141 791
3 15
104 428
399 1005
404 591
970 1016
299 454
192 278
18 21
51 837
131 708
350 527
69 362
485 586
16 56
43 51
765 797
619 932
157 172
253 273
121 622
496 533
243 316
473 721
96 137
93 450
240 462
594 962
410 635
141 215
311 754
202 927
510 755
113 525
447 512
3 46
164 443
231 567
255 780
238 486
64 595
311 545
603 695
746 846
39 378
347 377
690 716
290 432
492 911
350 755
55 111
769 914
381 588
85 95
88 92
13 34
449 907
45 101
7 17
44 255
86 181
246 309
366 717
29 726
263 479
158 375
190 456
517 959
32 93
705 769
822 1025
465 688
129 347
231 858
833 943
102 574
166 527
53 378
385 406
50 197
377 759
84 257
94 218
518 616
6 19
142 311
197 969
447 725
494 995
442 462
306 446
879 993
231 701
367 999
165 224
105 775
115 125
340 980
214 422
31 893
423 729
131 266
173 985
195 763
161 324
756 816
9 9
75 99
71 322
62 600
496 651
138 919
215 580
177 325
302 818
16 224
333 780
540 993
171 264
12 36
141 304
155 747
6 835
111 839
257 301
491 668
78 562
271 935
24 201
1 926
514 836
438 739
297 422
59 96
329 812
8 55
340 799
15 636
5 5
629 723
76 237
22 40
113 118
52 115
23 593
693 727
583 972
1 368
366 946
700 862
748 1019
551 623
67 76
755 775
18 58
182 202
153 637
709 909
462 607
226 463
286 421
49 377
402 404
270 536
720 1024
258 432
62 65
323 576
277 671
530 645
125 173
320 838
325 903
178 347
26 94
447 459
186 357
200 265
845 971
146 468
311 556
68 753
181 312
68 152
1 4
419 493
620 850
378 801
367 402
516 587
249 315
13 401
390 665
187 214
83 857
35 347
949 973
644 816
463 786
194 442
907 971
155 356
14 15
46 472
37 662
210 304
239 280
412 430
192 761
193 329
320 716
345 779
188 558
37 723
119 311
29 65
859 881
375 426
540 967
147 279
280 740
737 962
267 677
739 746
419 1001
264 379
233 533
1 122
30 77
307 366
707 791
312 452
233 241
8 500
67 134
190 769
136 143
25 67
124 447
243 615
35 244
286 913
764 935
652 832
234 236
1 182
410 1018
14 23
849 903
173 824
65 692
518 692
29 39
322 437
464 961
559 715
33 829
258 339
104 1020
8 99
235 726
18 32
195 731
232 752
562 1001
411 1027
118 309
260 276
122 226
458 649
120 123
504 748
144 316
34 39
51 615
273 342
26 234
720 833
405 852
523 530
23 909
2 869
150 416
12 956
56 215
60 185
245 900
18 71
167 802
775 910
34 246
11 81
476 1015
170 835
666 856
282 435
16 671
274 307
128 198
551 694
40 799
229 566
763 1019
144 240
15 745
263 562
7 150
193 252
227 948
61 781
794 809
112 285
116 269
177 498
692 820
61 694
84 245
4 35
151 254
113 409
432 631
540 771
49 1005
577 727
370 467
10 47
302 473
27 79
172 315
587 598
424 976
330 928
409 484
169 841
16 19
466 518
314 579
264 820
633 668
597 860
78 804
156 159
6 21
14 375
525 630
35 253
21 197
83 150
179 501
121 200
65 1023
150 377
297 363
180 509
252 493
207 340
351 633
353 506
183 552
682 805
211 211
46 111
354 595
363 903
30 33
808 823
427 602
169 590
407 753
422 778
242 825
378 476
48 398
341 894
52 645
379 488
33 80
459 654
554 674
35 553
130 409
314 729
763 932
311 758
122 167
65 255
289 402
39 199
153 920
345 715
102 115
303 353
64 159
219 260
54 314
583 931
684 970
266 516
42 119
264 910
166 559
24 61
319 678
46 119
62 135
294 487
630 819
621 868
223 629
15 169
80 722
115 448
12 83
32 492
453 1020
119 911
165 316
132 290
11 14
225 341
8 24
677 821
18 25
58 179
86 140
28 379
148 837
81 485
446 572
445 936
197 553
28 496
388 568
26 37
721 1009
75 120
136 171
212 233
820 987
10 240
358 574
138 346
112 835
290 504
9 1015
95 323
3 4
150 186
36 386
300 361
233 599
575 785
59 204
591 781
57 212
65 68
149 1029
121 371
8 27
512 595
201 672
686 967
27 94
164 455
295 766
37 232
71 78
3 309
383 391
822 864
281 468
106 171
263 735
160 502
262 806
448 587
191 797
502 936
77 456
20 152
945 988
40 760
310 365
386 739
373 517
125 141
43 283
92 231
805 851
3 987
101 187
820 885
48 452
50 656
423 961
326 911
151 157
65 764
16 64
46 61
212 246
562 956
651 937
82 329
172 277
42 161
27 214
424 838
41 191
764 963
48 235
668 849
49 260
219 729
821 865
244 903
115 382
208 422
257 370
161 430
260 849
93 501
504 1027
63 85
111 158
377 726
552 670
210 599
276 513
227 644
127 900
90 238
5 122
494 957
106 193
57 529
666 761
250 461
44 118
681 938
34 375
275 483
272 563
706 757
250 585
108 203
14 697
559 699
223 916
525 701
789 792
783 933
340 617
219 240
